%=========================================
%Generated by PRISM Chart Package
%=========================================

x0 = [0.0 0.01 0.02 0.03 0.04 0.05 0.06 0.07 0.08 0.09 0.1 0.11 0.12 0.13 0.14 0.15 0.16 0.17 0.18 0.19 0.2 0.21 0.22 0.23 0.24 0.25 0.26 0.27 0.28 0.29 0.3 0.31 0.32 0.33 0.34 0.35000000000000003 0.36 0.37 0.38 0.39 0.4 0.41000000000000003 0.42 0.43 0.44 0.45 0.46 0.47000000000000003 0.48 0.49 0.5 0.51 0.52 0.53 0.54 0.55 0.56 0.5700000000000001 0.58 0.59 0.6 0.61 0.62 0.63 0.64 0.65 0.66 0.67 0.68 0.6900000000000001 0.7000000000000001 0.71 0.72 0.73 0.74 0.75 0.76 0.77 0.78 0.79 0.8 0.81 0.8200000000000001 0.8300000000000001 0.84 0.85 0.86 0.87 0.88 0.89 0.9 0.91 0.92 0.93 0.9400000000000001 0.9500000000000001 0.96 0.97 0.98 0.99 1.0 ];
y0 = [1.0 0.99940797 0.9976635199999999 0.9948135699999999 0.995328 0.9995187499999999 0.9991748799999999 0.9987000299999998 0.28168192000000003 0.31153122 0.342 0.37243118 0.40009728000000006 0.42681678000000006 0.45260767999999996 0.10901249999999998 0.12279807999999999 0.13660163 0.15089328000000002 0.14195242 0.104 0.03120957 0.03556432 0.040272770000000006 0.045342719999999996 0.05078125 0.004569760000000001 0.005314410000000001 0.006146560000000002 0.007072809999999998 0.0081 0.00923521 0.0 0.0 0.0 0.0 0.0 0.0 0.0 0.0 0.0 0.0 0.0 0.0 0.0 0.0 0.0 0.0 0.0 0.0 0.0 0.0 0.0 0.0 0.0 0.0 0.0 0.0 0.0 0.0 0.0 0.0 0.0 0.0 0.0 0.0 0.0 0.0 0.0 0.0 0.0 0.0 0.0 0.0 0.0 0.0 0.0 0.0 0.0 0.0 0.0 0.0 0.0 0.0 0.0 0.0 0.0 0.0 0.0 0.0 0.0 0.0 0.0 0.0 0.0 0.0 0.0 0.0 0.0 0.0 0.0 ];
x1 = [0.0 0.01 0.02 0.03 0.04 0.05 0.06 0.07 0.08 0.09 0.1 0.11 0.12 0.13 0.14 0.15 0.16 0.17 0.18 0.19 0.2 0.21 0.22 0.23 0.24 0.25 0.26 0.27 0.28 0.29 0.3 0.31 0.32 0.33 0.34 0.35000000000000003 0.36 0.37 0.38 0.39 0.4 0.41000000000000003 0.42 0.43 0.44 0.45 0.46 0.47000000000000003 0.48 0.49 0.5 0.51 0.52 0.53 0.54 0.55 0.56 0.5700000000000001 0.58 0.59 0.6 0.61 0.62 0.63 0.64 0.65 0.66 0.67 0.68 0.6900000000000001 0.7000000000000001 0.71 0.72 0.73 0.74 0.75 0.76 0.77 0.78 0.79 0.8 0.81 0.8200000000000001 0.8300000000000001 0.84 0.85 0.86 0.87 0.88 0.89 0.9 0.91 0.92 0.93 0.9400000000000001 0.9500000000000001 0.96 0.97 0.98 0.99 1.0 ];
y1 = [1.0 0.997123509190898 0.9903576083278582 0.9827495341072883 0.9858990912779059 0.9916389604531249 0.9872478083571237 0.983304091678175 0.5135681336183355 0.5585005451208276 0.6007054769999999 0.639266582254319 0.6731434224663921 0.703946162992386 0.7325704785470453 0.38672784093164053 0.4060004723195903 0.41501750941701465 0.41445776329375345 0.3559002956734396 0.3252224000000001 0.28501435107387596 0.2951861505387126 0.25493342062059976 0.23624637474668547 0.2168426513671875 0.16725811225290088 0.17065940837739813 0.16531105875650154 0.15405986677440575 0.11840717699999997 0.11326728313232703 0.106765370785792 0.10010995710382128 0.07246752611124785 0.06569751256250002 0.06561482154600037 0.062389132154204045 0.04497541661741516 0.03910103368339686 0.03388211200000001 0.027617324561969095 0.0279515109203205 0.02416141270407902 0.021715999502106627 0.009080167710937503 0.010665329707389959 0.009953117824616102 0.010144540954460157 0.001628413597910449 0.001953125 0.0023341651730904517 0.002779905883635713 0.0 0.0 0.0 0.0 0.0 0.0 0.0 0.0 0.0 0.0 0.0 0.0 0.0 0.0 0.0 0.0 0.0 0.0 0.0 0.0 0.0 0.0 0.0 0.0 0.0 0.0 0.0 0.0 0.0 0.0 0.0 0.0 0.0 0.0 0.0 0.0 0.0 0.0 0.0 0.0 0.0 0.0 0.0 0.0 0.0 0.0 0.0 0.0 ];
x2 = [0.0 0.01 0.02 0.03 0.04 0.05 0.06 0.07 0.08 0.09 0.1 0.11 0.12 0.13 0.14 0.15 0.16 0.17 0.18 0.19 0.2 0.21 0.22 0.23 0.24 0.25 0.26 0.27 0.28 0.29 0.3 0.31 0.32 0.33 0.34 0.35000000000000003 0.36 0.37 0.38 0.39 0.4 0.41000000000000003 0.42 0.43 0.44 0.45 0.46 0.47000000000000003 0.48 0.49 0.5 0.51 0.52 0.53 0.54 0.55 0.56 0.5700000000000001 0.58 0.59 0.6 0.61 0.62 0.63 0.64 0.65 0.66 0.67 0.68 0.6900000000000001 0.7000000000000001 0.71 0.72 0.73 0.74 0.75 0.76 0.77 0.78 0.79 0.8 0.81 0.8200000000000001 0.8300000000000001 0.84 0.85 0.86 0.87 0.88 0.89 0.9 0.91 0.92 0.93 0.9400000000000001 0.9500000000000001 0.96 0.97 0.98 0.99 1.0 ];
y2 = [1.0 0.9925162256588506 0.9763513661565634 0.9590461216086229 0.963447607645991 0.967926935455197 0.9563564564206628 0.945980630452633 0.7460040726413164 0.7814841531238205 0.8125354290353839 0.8402969364766802 0.8649406465289877 0.8783276506839537 0.8897129346167618 0.6509244075308657 0.6608453577456682 0.667116888250831 0.6666459516343342 0.6323566521090223 0.6186466220233987 0.5988160019977281 0.6001116358715928 0.5682650843613835 0.5611695650533396 0.549986218669801 0.4795430869583428 0.48275224471373496 0.48158127688934665 0.4841872847620467 0.44867282872858316 0.4415128629641284 0.43764359567774824 0.43135329349842455 0.40419436743665643 0.4010411802947838 0.4005539633492531 0.39263819466885747 0.3502498361655778 0.3524981780721189 0.35082771660495915 0.32594204351780914 0.3212844614807468 0.31646216888379397 0.32017817521859027 0.28131066294724694 0.27815227279859744 0.27995039643266595 0.2780231169799622 0.24988247767340777 0.2397441864013672 0.23980999222459143 0.21772296448956938 0.2138245902113532 0.20782189068235407 0.2113116248191324 0.1703606533656734 0.16776605381159704 0.17139300111756015 0.17455611345892225 0.1370899482471825 0.14036906541689387 0.13916067305417992 0.11052079815874319 0.11095017389010259 0.11066852996564963 0.1018640376794863 0.0875660013747273 0.07031770450429829 0.06807144826107062 0.06983520554280861 0.044437622755850954 0.04559349912235529 0.03623109483819935 0.03308274479812198 0.018322557869396412 0.020894284917025614 0.021548150996585393 0.00890835368059251 0.01134787999706882 0.0 0.0 0.0 0.0 0.0 0.0 0.0 0.0 0.0 0.0 0.0 0.0 0.0 0.0 0.0 0.0 0.0 0.0 0.0 0.0 0.0 ];
x3 = [0.0 0.01 0.02 0.03 0.04 0.05 0.06 0.07 0.08 0.09 0.1 0.11 0.12 0.13 0.14 0.15 0.16 0.17 0.18 0.19 0.2 0.21 0.22 0.23 0.24 0.25 0.26 0.27 0.28 0.29 0.3 0.31 0.32 0.33 0.34 0.35000000000000003 0.36 0.37 0.38 0.39 0.4 0.41000000000000003 0.42 0.43 0.44 0.45 0.46 0.47000000000000003 0.48 0.49 0.5 0.51 0.52 0.53 0.54 0.55 0.56 0.5700000000000001 0.58 0.59 0.6 0.61 0.62 0.63 0.64 0.65 0.66 0.67 0.68 0.6900000000000001 0.7000000000000001 0.71 0.72 0.73 0.74 0.75 0.76 0.77 0.78 0.79 0.8 0.81 0.8200000000000001 0.8300000000000001 0.84 0.85 0.86 0.87 0.88 0.89 0.9 0.91 0.92 0.93 0.9400000000000001 0.9500000000000001 0.96 0.97 0.98 0.99 1.0 ];
