%=========================================
%Generated by PRISM Chart Package
%=========================================

x0 = [1.0 6.0 11.0 16.0 ];
y0 = [-0.15000000745240144 -0.06240000745240143 -0.014376967452401385 -0.0015899842127213293 ];
x1 = [1.0 6.0 11.0 16.0 ];
y1 = [-0.20000000536984497 -0.05760000536984494 -0.00746496536984495 -3.482905436049677E-4 ];
x2 = [1.0 6.0 11.0 16.0 ];
y2 = [-0.2500000109281226 -0.045600010928122575 -0.002626570928122629 -3.6320493562697065E-5 ];
x3 = [1.0 6.0 11.0 16.0 ];
y3 = [-0.30000001396730014 -0.026400013967300073 -3.8017396730011255E-4 -6.708837800850631E-7 ];
x4 = [1.0 6.0 11.0 16.0 ];
y4 = [-0.35000000447624324 -4.4762433759615305E-9 -4.4762433759615305E-9 -4.4762433759615305E-9 ];
x5 = [1.0 6.0 11.0 16.0 ];
y5 = [-0.39999999810294484 0.03360000189705509 4.8384189705519276E-4 -8.341784648591144E-7 ];
x6 = [1.0 6.0 11.0 16.0 ];
y6 = [-0.45000000087968006 0.07439999912031992 0.004285439120319867 -5.9242802240233594E-5 ];
x7 = [1.0 6.0 11.0 16.0 ];
y7 = [-0.5000000023437263 0.12239999765627374 0.015863037656273726 -7.401083379661721E-4 ];
x8 = [1.0 6.0 11.0 16.0 ];
y8 = [-0.5500000039992488 0.17759999600075127 0.04091903600075131 -0.004525322470928739 ];
x9 = [1.0 6.0 11.0 16.0 ];
y9 = [-0.2000000099819506 -0.0544000099819506 -0.005570569981950602 -1.825460920305555E-4 ];
x10 = [1.0 6.0 11.0 16.0 ];
y10 = [-0.25000001582709075 -0.04560001582709075 -0.0026265758270908046 -3.632539253078937E-5 ];
x11 = [1.0 6.0 11.0 16.0 ];
y11 = [-0.30000000306708374 -0.03360000306708366 -8.601630670836968E-4 -3.5262824435999818E-6 ];
x12 = [1.0 6.0 11.0 16.0 ];
y12 = [-0.3500000009339673 -0.01840000093396732 -1.1776093396731468E-4 -6.122708734457305E-8 ];
x13 = [1.0 6.0 11.0 16.0 ];
y13 = [-0.40000000111360406 -1.1136040423131988E-9 -1.1136040423131988E-9 -1.1136040423131988E-9 ];
x14 = [1.0 6.0 11.0 16.0 ];
y14 = [-0.4500000027233173 0.021599997276682714 1.382372766827178E-4 -7.350219727308982E-8 ];
x15 = [1.0 6.0 11.0 16.0 ];
y15 = [-0.5000000055374121 0.04639999446258791 0.0011878344625878556 -4.8709300521920795E-6 ];
x16 = [1.0 6.0 11.0 16.0 ];
y16 = [-0.5500000119504103 0.0743999880495897 0.004285428049589646 -5.9253872970455035E-5 ];
x17 = [1.0 6.0 11.0 16.0 ];
y17 = [-0.6000000297425029 0.10559997025749723 0.010813410257497269 -3.54364544422614E-4 ];
x18 = [1.0 6.0 11.0 16.0 ];
y18 = [-0.2500000251289435 -0.03360002512894342 -8.601851289433415E-4 -3.548344303327955E-6 ];
x19 = [1.0 6.0 11.0 16.0 ];
y19 = [-0.300000005176371 -0.026400005176370978 -3.8016517637090574E-4 -6.620928508782598E-7 ];
x20 = [1.0 6.0 11.0 16.0 ];
y20 = [-0.350000001293411 -0.018400001293411017 -1.1776129341090069E-4 -6.158653087506849E-8 ];
x21 = [1.0 6.0 11.0 16.0 ];
y21 = [-0.39999999245766626 -0.009599992457666295 -1.5352457666317765E-5 6.559293663777055E-9 ];
x22 = [1.0 6.0 11.0 16.0 ];
y22 = [-0.450000002349715 -2.3497149226336944E-9 -2.3497149226336944E-9 -2.3497149226336944E-9 ];
x23 = [1.0 6.0 11.0 16.0 ];
y23 = [-0.5000000028191478 0.010399997180852272 1.663718085220811E-5 -3.884107757645694E-9 ];
x24 = [1.0 6.0 11.0 16.0 ];
y24 = [-0.5500000081913121 0.02159999180868799 1.3823180868799412E-4 -7.897019205227451E-8 ];
x25 = [1.0 6.0 11.0 16.0 ];
y25 = [-0.6000000040251695 0.03359999597483054 4.8383597483048213E-4 -8.401006894587226E-7 ];
x26 = [1.0 6.0 11.0 16.0 ];
y26 = [-0.6500000116260352 0.04639998837396475 0.0011878283739646944 -4.877018675353284E-6 ];
x27 = [1.0 6.0 11.0 16.0 ];
y27 = [-0.30000002352922794 -2.352922789938816E-8 -2.352922789938816E-8 -2.352922789938816E-8 ];
x28 = [1.0 6.0 11.0 16.0 ];
y28 = [-0.35000000439916235 -4.399162312207494E-9 -4.399162312207494E-9 -4.399162312207494E-9 ];
x29 = [1.0 6.0 11.0 16.0 ];
y29 = [-0.39999999957292987 4.2707015701637374E-10 4.2707015701637374E-10 4.2707015701637374E-10 ];
x30 = [1.0 6.0 11.0 16.0 ];
y30 = [-0.4499999859942624 1.4005737680733432E-8 1.4005737680733432E-8 1.4005737680733432E-8 ];
x31 = [1.0 6.0 11.0 16.0 ];
y31 = [-0.5 0.0 0.0 0.0 ];
x32 = [1.0 6.0 11.0 16.0 ];
y32 = [-0.5500000028612319 -2.8612318070386777E-9 -2.8612318070386777E-9 -2.8612318070386777E-9 ];
x33 = [1.0 6.0 11.0 16.0 ];
y33 = [-0.6000000071046672 -7.104667187896041E-9 -7.104667187896041E-9 -7.104667187896041E-9 ];
x34 = [1.0 6.0 11.0 16.0 ];
y34 = [-0.6500000146373263 -1.46373262399635E-8 -1.46373262399635E-8 -1.46373262399635E-8 ];
x35 = [1.0 6.0 11.0 16.0 ];
y35 = [-0.7000000208649874 -2.0864987404500823E-8 -2.0864987404500823E-8 -2.0864987404500823E-8 ];
x36 = [1.0 6.0 11.0 16.0 ];
y36 = [-0.35000000820752314 0.04639999179247689 0.001187831792477001 -4.873600162935698E-6 ];
x37 = [1.0 6.0 11.0 16.0 ];
y37 = [-0.4000000072917846 0.0335999927082154 4.838327082153926E-4 -8.433673045482593E-7 ];
x38 = [1.0 6.0 11.0 16.0 ];
y38 = [-0.4499999982357067 0.021600001764293386 1.3824176429344526E-4 -6.901458654562376E-8 ];
x39 = [1.0 6.0 11.0 16.0 ];
y39 = [-0.49999998869099993 0.010400011309000146 1.6651309000081937E-5 1.0244040116180742E-8 ];
x40 = [1.0 6.0 11.0 16.0 ];
y40 = [-0.5500000008306394 -8.306393350920871E-10 -8.306393350920871E-10 -8.306393350920871E-10 ];
x41 = [1.0 6.0 11.0 16.0 ];
y41 = [-0.6000000032659766 -0.009600003265976542 -1.5363265976620077E-5 -4.249016583024456E-9 ];
x42 = [1.0 6.0 11.0 16.0 ];
y42 = [-0.650000018990458 -0.018400018990457845 -1.1777899045783968E-4 -7.928357792508223E-8 ];
x43 = [1.0 6.0 11.0 16.0 ];
y43 = [-0.6999999988587646 -0.02639999885876465 -3.801588587646343E-4 -6.557752446623155E-7 ];
x44 = [1.0 6.0 11.0 16.0 ];
y44 = [-0.7499999952175618 -0.03359999521756185 -8.601552175617755E-4 -3.5184329217896604E-6 ];
x45 = [1.0 6.0 11.0 16.0 ];
y45 = [-0.40000000377208134 0.10559999622791882 0.010813436227918805 -3.54338574001134E-4 ];
x46 = [1.0 6.0 11.0 16.0 ];
y46 = [-0.4500000004502943 0.07439999954970566 0.004285439549705616 -5.9242372854484415E-5 ];
x47 = [1.0 6.0 11.0 16.0 ];
y47 = [-0.49999999852810106 0.04640000147189893 0.0011878414718989871 -4.863920741060568E-6 ];
x48 = [1.0 6.0 11.0 16.0 ];
y48 = [-0.5499999943285686 0.0216000056714315 1.382456714315028E-4 -6.510744854359984E-8 ];
x49 = [1.0 6.0 11.0 16.0 ];
y49 = [-0.5999999987060479 1.2939520566135343E-9 1.2939520566135343E-9 1.2939520566135343E-9 ];
x50 = [1.0 6.0 11.0 16.0 ];
y50 = [-0.6499999995639052 -0.018399999563905256 -1.1775956390525089E-4 -5.985702511424051E-8 ];
x51 = [1.0 6.0 11.0 16.0 ];
y51 = [-0.7000000004028841 -0.03360000040288402 -8.601604028840582E-4 -3.523618244072324E-6 ];
x52 = [1.0 6.0 11.0 16.0 ];
y52 = [-0.7499999959962496 -0.04559999599624953 -0.0026265559962496132 -3.630556168976451E-5 ];
x53 = [1.0 6.0 11.0 16.0 ];
y53 = [-0.7999999968111514 -0.05439999681115126 -0.0055705568111511505 -1.8253292123104892E-4 ];
x54 = [1.0 6.0 11.0 16.0 ];
y54 = [-0.4499999993093672 0.17760000069063298 0.04091904069063296 -0.004525317781046978 ];
x55 = [1.0 6.0 11.0 16.0 ];
y55 = [-0.50000000442649 0.12239999557351022 0.01586303557351043 -7.401104207291898E-4 ];
x56 = [1.0 6.0 11.0 16.0 ];
y56 = [-0.5500000141125941 0.0743999858874057 0.004285425887405769 -5.92560351542204E-5 ];
x57 = [1.0 6.0 11.0 16.0 ];
y57 = [-0.5999999970525962 0.03360000294740373 4.838429474036676E-4 -8.331281162732296E-7 ];
x58 = [1.0 6.0 11.0 16.0 ];
y58 = [-0.6499999965339542 3.466045783717675E-9 3.466045783717675E-9 3.466045783717675E-9 ];
x59 = [1.0 6.0 11.0 16.0 ];
y59 = [-0.6999999960388579 -0.026399996038857898 -3.801560388576597E-4 -6.529553375766994E-7 ];
x60 = [1.0 6.0 11.0 16.0 ];
y60 = [-0.7499999985762247 -0.045599998576224654 -0.0026265585762246246 -3.630814166477592E-5 ];
x61 = [1.0 6.0 11.0 16.0 ];
y61 = [-0.7999999978116714 -0.057599997811671244 -0.0074649578116708915 -3.4828298543065905E-4 ];
x62 = [1.0 6.0 11.0 16.0 ];
y62 = [-0.8499999975450085 -0.06239999754500847 -0.01437695754500845 -0.0015899743053282567 ];
x63 = [1.0 6.0 11.0 16.0 ];
y63 = [-0.5000000029894889 0.2623999970105112 0.1074790370105112 -0.028174988451248717 ];
x64 = [1.0 6.0 11.0 16.0 ];
