%=========================================
%Generated by PRISM Chart Package
%=========================================

x0 = [1.0 6.0 11.0 16.0 ];
y0 = [-0.10000002206590879 -0.015099516465908819 -0.0016213179317621784 -1.741073839333085E-4 ];
x1 = [1.0 6.0 11.0 16.0 ];
y1 = [-0.14999994975850403 -0.006900890558503958 -1.7578846838117723E-4 -4.4301986042438735E-6 ];
x2 = [1.0 6.0 11.0 16.0 ];
y2 = [-0.2000000405286451 -0.001782619728645074 -6.02187190007486E-6 -6.059870247265842E-8 ];
x3 = [1.0 6.0 11.0 16.0 ];
y3 = [-0.2500000065060004 -1.3763210600031828E-4 -2.093709036699032E-8 -6.507513389264474E-9 ];
x4 = [1.0 6.0 11.0 16.0 ];
y4 = [-0.3000000002059595 -2.059598047665645E-10 -2.059598047665645E-10 -2.059598047665645E-10 ];
x5 = [1.0 6.0 11.0 16.0 ];
y5 = [-0.35000000647402535 -1.900608740253995E-4 1.3454622971309504E-8 -6.476114811082567E-9 ];
x6 = [1.0 6.0 11.0 16.0 ];
y6 = [-0.40000000504670385 -0.0034603058467036485 1.1605796085778497E-5 -4.400622688471856E-8 ];
x7 = [1.0 6.0 11.0 16.0 ];
y7 = [-0.44999999895344145 -0.019641138153441373 5.004650669788724E-4 -1.2750975265429787E-5 ];
x8 = [1.0 6.0 11.0 16.0 ];
y8 = [-0.4999999988055235 -0.06878658440552343 0.0073859045833643 -7.930541431904192E-4 ];
x9 = [1.0 6.0 11.0 16.0 ];
y9 = [-0.150000061687577 -0.0069010024875770515 -1.7590039745435382E-4 -4.542127677503727E-6 ];
x10 = [1.0 6.0 11.0 16.0 ];
y10 = [-0.20000003819292764 -0.0026874237929274958 -1.6287785994217874E-5 -1.3644800250789402E-7 ];
x11 = [1.0 6.0 11.0 16.0 ];
y11 = [-0.24999998301772025 -6.303574177203008E-4 -4.849611529023079E-7 1.6582601125580965E-8 ];
x12 = [1.0 6.0 11.0 16.0 ];
y12 = [-0.2999999715184086 -4.559071840848361E-5 2.7346439945841183E-8 2.848156338552954E-8 ];
x13 = [1.0 6.0 11.0 16.0 ];
y13 = [-0.34999998987146674 1.0128533178832555E-8 1.0128533178832555E-8 1.0128533178832555E-8 ];
x14 = [1.0 6.0 11.0 16.0 ];
y14 = [-0.3999999919834323 -5.805278343223863E-5 9.461306293978566E-9 8.016531993781939E-9 ];
x15 = [1.0 6.0 11.0 16.0 ];
y15 = [-0.4500000011721229 -0.0010285067721229613 8.17788214368953E-7 -1.8242304333782045E-9 ];
x16 = [1.0 6.0 11.0 16.0 ];
y16 = [-0.4999999970038459 -0.00571069140384578 3.453338142167528E-5 -2.057958806700455E-7 ];
x17 = [1.0 6.0 11.0 16.0 ];
y17 = [-0.5499999996939706 -0.019641138893970567 5.004643264495678E-4 -1.275171579473433E-5 ];
x18 = [1.0 6.0 11.0 16.0 ];
y18 = [-0.1999999643751431 -0.0017825435751430418 -5.945718398070454E-6 1.5554799587258472E-8 ];
x19 = [1.0 6.0 11.0 16.0 ];
y19 = [-0.24999998435873272 -6.303587587326853E-4 -4.86302165370045E-7 1.5241588657843863E-8 ];
x20 = [1.0 6.0 11.0 16.0 ];
y20 = [-0.3000000393856669 -1.3766498566680774E-4 -5.3816756884206285E-8 -3.938717996199159E-8 ];
x21 = [1.0 6.0 11.0 16.0 ];
y21 = [-0.3499999974695114 -9.41826951139646E-6 2.4996185121750614E-9 2.5304872641740417E-9 ];
x22 = [1.0 6.0 11.0 16.0 ];
y22 = [-0.3999999948137163 5.186283735802988E-9 5.186283735802988E-9 5.186283735802988E-9 ];
x23 = [1.0 6.0 11.0 16.0 ];
y23 = [-0.44999999335559815 -1.1052555598189961E-5 6.680640596279375E-9 6.6444002522203505E-9 ];
x24 = [1.0 6.0 11.0 16.0 ];
y24 = [-0.5000000040379876 -1.900584379875836E-4 1.5890660565176518E-8 -4.040077272726705E-9 ];
x25 = [1.0 6.0 11.0 16.0 ];
y25 = [-0.5500000002347976 -0.0010285058347978548 8.187255395863957E-7 -8.8690543798009E-10 ];
x26 = [1.0 6.0 11.0 16.0 ];
y26 = [-0.6000000000326927 -0.0034603008326924423 1.1610810096929214E-5 -3.8992215567468236E-8 ];
x27 = [1.0 6.0 11.0 16.0 ];
y27 = [-0.24999998744747304 -1.376130474729509E-4 -1.8785630273576714E-9 1.2551013894857022E-8 ];
x28 = [1.0 6.0 11.0 16.0 ];
y28 = [-0.3000000612548035 -4.568045480340954E-5 -6.238995503560218E-8 -6.125483159591383E-8 ];
x29 = [1.0 6.0 11.0 16.0 ];
y29 = [-0.35000000428037836 -9.425080378266948E-6 -4.311248302801829E-9 -4.280379495291697E-9 ];
x30 = [1.0 6.0 11.0 16.0 ];
y30 = [-0.400000014994414 -6.293944139756924E-7 -1.4994476937868484E-8 -1.4994413988222988E-8 ];
x31 = [1.0 6.0 11.0 16.0 ];
y31 = [-0.4499999959159003 4.084099669565688E-9 4.084099669565688E-9 4.084099669565688E-9 ];
x32 = [1.0 6.0 11.0 16.0 ];
y32 = [-0.5000000039475758 -6.695475757712011E-7 -3.947507432044972E-9 -3.947575821783289E-9 ];
x33 = [1.0 6.0 11.0 16.0 ];
y33 = [-0.5500000025774583 -1.1061777458243327E-5 -2.5412194570861857E-9 -2.577459579100605E-9 ];
x34 = [1.0 6.0 11.0 16.0 ];
y34 = [-0.5999999986459724 -5.805944597236934E-5 2.798766218781168E-9 1.3539918075622381E-9 ];
x35 = [1.0 6.0 11.0 16.0 ];
y35 = [-0.6500000025870764 -1.9005698707619256E-4 1.7341572289275575E-8 -2.5891654376053452E-9 ];
x36 = [1.0 6.0 11.0 16.0 ];
y36 = [-0.2999999919959786 8.00402144562895E-9 8.00402144562895E-9 8.00402144562895E-9 ];
x37 = [1.0 6.0 11.0 16.0 ];
y37 = [-0.3499999986522417 1.3477583493681777E-9 1.3477583493681777E-9 1.3477583493681777E-9 ];
x38 = [1.0 6.0 11.0 16.0 ];
y38 = [-0.4000000063217552 -6.3217551748984135E-9 -6.3217551748984135E-9 -6.3217551748984135E-9 ];
x39 = [1.0 6.0 11.0 16.0 ];
y39 = [-0.45000001165779324 -1.1657793175245956E-8 -1.1657793175245956E-8 -1.1657793175245956E-8 ];
x40 = [1.0 6.0 11.0 16.0 ];
y40 = [-0.5000000017926649 -1.7926649609201206E-9 -1.7926649609201206E-9 -1.7926649609201206E-9 ];
x41 = [1.0 6.0 11.0 16.0 ];
y41 = [-0.5500000033215886 -3.3215885597570605E-9 -3.3215885597570605E-9 -3.3215885597570605E-9 ];
x42 = [1.0 6.0 11.0 16.0 ];
y42 = [-0.5999999975486299 2.451370106903994E-9 2.451370106903994E-9 2.451370106903994E-9 ];
x43 = [1.0 6.0 11.0 16.0 ];
y43 = [-0.6500000010005049 -1.000504901149668E-9 -1.000504901149668E-9 -1.000504901149668E-9 ];
x44 = [1.0 6.0 11.0 16.0 ];
y44 = [-0.6999999951457877 4.85421225437932E-9 4.85421225437932E-9 4.85421225437932E-9 ];
x45 = [1.0 6.0 11.0 16.0 ];
y45 = [-0.35000000036878604 -1.9005476878591887E-4 1.955986245194552E-8 -3.70875385957703E-10 ];
x46 = [1.0 6.0 11.0 16.0 ];
y46 = [-0.39999999777934986 -5.805857934981784E-5 3.665388714768625E-9 2.2206144145719975E-9 ];
x47 = [1.0 6.0 11.0 16.0 ];
y47 = [-0.4499999967205759 -1.1055920575875344E-5 3.3156629664077286E-9 3.2794226223487044E-9 ];
x48 = [1.0 6.0 11.0 16.0 ];
y48 = [-0.4999999917868189 -6.57386818925243E-7 8.21324924737965E-9 8.213178359639528E-9 ];
x49 = [1.0 6.0 11.0 16.0 ];
y49 = [-0.5500000023179148 -2.3179148600505073E-9 -2.3179148600505073E-9 -2.3179148600505073E-9 ];
x50 = [1.0 6.0 11.0 16.0 ];
y50 = [-0.5999999962034533 -6.106034532438187E-7 3.7964839050275145E-9 3.7965494081859674E-9 ];
x51 = [1.0 6.0 11.0 16.0 ];
y51 = [-0.6499999986909539 -9.419490953788134E-6 1.2781762315228207E-9 1.309046426811733E-9 ];
x52 = [1.0 6.0 11.0 16.0 ];
y52 = [-0.7000000015336685 -4.5620733668538804E-5 -2.668820053841614E-9 -1.5336965031309546E-9 ];
x53 = [1.0 6.0 11.0 16.0 ];
y53 = [-0.7499999884379648 -1.3761403796475058E-4 -2.869054771537094E-9 1.156052220618875E-8 ];
x54 = [1.0 6.0 11.0 16.0 ];
y54 = [-0.40000000385335377 -0.0034603046533535076 1.1606989436085957E-5 -4.2812876466236105E-8 ];
x55 = [1.0 6.0 11.0 16.0 ];
y55 = [-0.44999999811723607 -0.0010285037172359512 8.208431015455098E-7 1.2306567986897221E-9 ];
x56 = [1.0 6.0 11.0 16.0 ];
y56 = [-0.4999999891496322 -1.900435496321462E-4 3.077901611359124E-8 1.0848278220176866E-8 ];
x57 = [1.0 6.0 11.0 16.0 ];
y57 = [-0.5499999910462277 -1.1050246231048E-5 8.990003297348892E-9 8.953759511598491E-9 ];
x58 = [1.0 6.0 11.0 16.0 ];
y58 = [-0.5999999980971632 1.902836777034622E-9 1.902836777034622E-9 1.902836777034622E-9 ];
x59 = [1.0 6.0 11.0 16.0 ];
y59 = [-0.649999998981754 -9.419781754171908E-6 9.873756257050559E-10 1.0182443777040362E-9 ];
x60 = [1.0 6.0 11.0 16.0 ];
y60 = [-0.7000000009075601 -1.3762650756010686E-4 -1.533865046088323E-8 -9.090735941796879E-10 ];
x61 = [1.0 6.0 11.0 16.0 ];
y61 = [-0.7499999946837117 -6.303690837117237E-4 -4.966271444084569E-7 4.91660934187621E-9 ];
x62 = [1.0 6.0 11.0 16.0 ];
y62 = [-0.8000000157167844 -0.0017825949167841193 -5.99706003912015E-6 -3.5786841490192955E-8 ];
x63 = [1.0 6.0 11.0 16.0 ];
